object frmMain: TfrmMain
  Left = 0
  Top = 0
  Caption = 'Multiple Tables'
  ClientHeight = 448
  ClientWidth = 604
  FormFactor.Width = 320
  FormFactor.Height = 480
  FormFactor.Devices = [Desktop]
  DesignerMasterStyle = 0
  object Label1: TLabel
    Position.X = 8.000000000000000000
    Position.Y = 8.000000000000000000
    Size.Width = 169.000000000000000000
    Size.Height = 81.000000000000000000
    Size.PlatformDefault = False
    Text = 'Label1'
    TabOrder = 0
  end
end
